# oST version 5.0 parameters


[image]

width
704

height
576

[narrow_stereo]

camera matrix
695.843450 0.000000 327.621191
0.000000 764.578849 276.246693
0.000000 0.000000 1.000000

distortion
-0.281023 0.249761 -0.002504 -0.000226 0.000000

rectification
1.000000 0.000000 0.000000
0.000000 1.000000 0.000000
0.000000 0.000000 1.000000

projection
653.475098 0.000000 325.264922 0.000000
0.000000 735.579895 274.490137 0.000000
0.000000 0.000000 1.000000 0.000000
