# oST version 5.0 parameters


[image]

width
704

height
576

[narrow_stereo]

camera matrix
855.678103 0.000000 -64.634782
0.000000 1025.813179 318.969133
0.000000 0.000000 1.000000

distortion
-0.797050 0.309428 -0.010749 0.144723 0.000000

rectification
1.000000 0.000000 0.000000
0.000000 1.000000 0.000000
0.000000 0.000000 1.000000

projection
793.361450 0.000000 -58.262373 0.000000
0.000000 985.250732 319.395213 0.000000
0.000000 0.000000 1.000000 0.000000